$ANSIBLE_VAULT;1.1;AES256
64623339613863336437323338346533653234333864656462616366363562616264393136643430
6534633036366430653132363062323930366231663138610a333838313461316436626335326362
38633339653932326130653461393939376131316362623034346262313431366138333466613063
6564343262396635380a366135356266326531393762353065313730656438393731356339643764
35626165383361393365383565333564316161363433646364343133303861616564633330633762
64663265316661363833636638376639366430343063626634356464666161343434356136653661
35626264323031303862386130313563343737346161336334393733366163643330333035346639
32613133343332333236366430663639383965336436633338613961303264623765306263313665
32613064616136306638323635366636376164616532643866356139363563626134303036633433
32633761643432333133376635646630313463393061346231626138353933326265386334323662
37633263613032303464373338323635623165653562643030313461623636663231633162313932
62663163366665633238326535623630323466376333383235373330303861343836633561376336
33393861663438663137633266303639623630333135363062306636356539383735653266343436
38616535383039643833313636313566356335313132666331373264356537643065313563656136
37333138323735366637643664623130323237636431616233646537373464326164626133346438
65333562653864303436306533306532613465643863376236633765336135623336356639656162
36356362366361653034323630303964346162663762623962626462356231376435396639303866
62343138633661633633323235326231323865636566383739353462363562356138633732333339
36303338666362313537613165363063613330616536653130376339313664356238373339636236
31376236326162653939
